{
  "nbformat": 4,
  "nbformat_minor": 0,
  "metadata": {
    "kernelspec": {
      "display_name": "Python 3",
      "language": "python",
      "name": "python3"
    },
    "language_info": {
      "codemirror_mode": {
        "name": "ipython",
        "version": 3
      },
      "file_extension": ".py",
      "mimetype": "text/x-python",
      "name": "python",
      "nbconvert_exporter": "python",
      "pygments_lexer": "ipython3",
      "version": "3.7.6"
    },
    "colab": {
      "name": "2_a_Numpy.ipynb",
      "provenance": []
    }
  },
  "cells": [
    {
      "cell_type": "markdown",
      "metadata": {
        "id": "cLddjf6uhxBt",
        "colab_type": "text"
      },
      "source": [
        "# Exercise 3: Numpy"
      ]
    },
    {
      "cell_type": "markdown",
      "metadata": {
        "id": "c0ggjJjdhxBv",
        "colab_type": "text"
      },
      "source": [
        "Perform the follwing tasks:\n"
      ]
    },
    {
      "cell_type": "code",
      "metadata": {
        "id": "Zw9Ynk4EhxBx",
        "colab_type": "code",
        "colab": {}
      },
      "source": [
        "#3.1: import the numpy library\n",
        "import numpy as np\n"
      ],
      "execution_count": 0,
      "outputs": []
    },
    {
      "cell_type": "code",
      "metadata": {
        "id": "de0OxKuUhxB4",
        "colab_type": "code",
        "colab": {
          "base_uri": "https://localhost:8080/",
          "height": 392
        },
        "outputId": "85726d82-a4e3-4bde-9154-9173c781bfc5"
      },
      "source": [
        "#3.2: create a random 10x10 array named A\n",
        "A = np.random.rand(10,10)\n",
        "A\n"
      ],
      "execution_count": 5,
      "outputs": [
        {
          "output_type": "execute_result",
          "data": {
            "text/plain": [
              "array([[0.00358504, 0.51153778, 0.98220603, 0.08720383, 0.31596988,\n",
              "        0.78566027, 0.97286636, 0.20413489, 0.95666732, 0.21807367],\n",
              "       [0.39377438, 0.06580004, 0.56778035, 0.64315436, 0.54711289,\n",
              "        0.1106748 , 0.24313021, 0.63176762, 0.35564667, 0.12838934],\n",
              "       [0.23676412, 0.3137613 , 0.80678152, 0.79472314, 0.88216975,\n",
              "        0.03048697, 0.84328969, 0.46593294, 0.28958604, 0.05564328],\n",
              "       [0.20259378, 0.97686182, 0.63752831, 0.2021256 , 0.1515324 ,\n",
              "        0.48522416, 0.41116814, 0.36599951, 0.72439994, 0.70154475],\n",
              "       [0.53087944, 0.47488449, 0.16190234, 0.48121506, 0.19581615,\n",
              "        0.3269171 , 0.86442285, 0.83234407, 0.6441323 , 0.42563661],\n",
              "       [0.24301108, 0.4819224 , 0.76362666, 0.87092236, 0.44401547,\n",
              "        0.74165732, 0.89834297, 0.05144054, 0.79043073, 0.36256678],\n",
              "       [0.80581956, 0.81431282, 0.68612416, 0.4635035 , 0.22439645,\n",
              "        0.42814477, 0.71477214, 0.74204919, 0.11107846, 0.99088972],\n",
              "       [0.66406262, 0.10998245, 0.45898645, 0.57585872, 0.81147094,\n",
              "        0.23313211, 0.72312745, 0.0219304 , 0.67455217, 0.66992289],\n",
              "       [0.67523796, 0.33373428, 0.28504606, 0.74778852, 0.43380556,\n",
              "        0.57624152, 0.80207763, 0.21832448, 0.71960082, 0.03675385],\n",
              "       [0.2311517 , 0.37301957, 0.54023817, 0.95594591, 0.22011547,\n",
              "        0.06273013, 0.982573  , 0.50526424, 0.81483681, 0.09906393]])"
            ]
          },
          "metadata": {
            "tags": []
          },
          "execution_count": 5
        }
      ]
    },
    {
      "cell_type": "code",
      "metadata": {
        "id": "tY95bYAshxB-",
        "colab_type": "code",
        "colab": {
          "base_uri": "https://localhost:8080/",
          "height": 204
        },
        "outputId": "4aebb092-1c49-4086-b1de-42b7d094d6f5"
      },
      "source": [
        "#3.3: return only the odd rows of A\n",
        "A[::2]"
      ],
      "execution_count": 7,
      "outputs": [
        {
          "output_type": "execute_result",
          "data": {
            "text/plain": [
              "array([[0.00358504, 0.51153778, 0.98220603, 0.08720383, 0.31596988,\n",
              "        0.78566027, 0.97286636, 0.20413489, 0.95666732, 0.21807367],\n",
              "       [0.23676412, 0.3137613 , 0.80678152, 0.79472314, 0.88216975,\n",
              "        0.03048697, 0.84328969, 0.46593294, 0.28958604, 0.05564328],\n",
              "       [0.53087944, 0.47488449, 0.16190234, 0.48121506, 0.19581615,\n",
              "        0.3269171 , 0.86442285, 0.83234407, 0.6441323 , 0.42563661],\n",
              "       [0.80581956, 0.81431282, 0.68612416, 0.4635035 , 0.22439645,\n",
              "        0.42814477, 0.71477214, 0.74204919, 0.11107846, 0.99088972],\n",
              "       [0.67523796, 0.33373428, 0.28504606, 0.74778852, 0.43380556,\n",
              "        0.57624152, 0.80207763, 0.21832448, 0.71960082, 0.03675385]])"
            ]
          },
          "metadata": {
            "tags": []
          },
          "execution_count": 7
        }
      ]
    },
    {
      "cell_type": "code",
      "metadata": {
        "id": "X6k-GEt5hxCC",
        "colab_type": "code",
        "colab": {
          "base_uri": "https://localhost:8080/",
          "height": 392
        },
        "outputId": "677e4b70-574a-4858-cbb0-b4bb983274ca"
      },
      "source": [
        "#3.4: perform a matrix multiplication of A with it's transposed\n",
        "A.dot(A.T)"
      ],
      "execution_count": 8,
      "outputs": [
        {
          "output_type": "execute_result",
          "data": {
            "text/plain": [
              "array([[3.90202447, 1.6423906 , 2.53046279, 2.89406244, 2.48444647,\n",
              "        3.51607939, 2.71026208, 2.49863791, 2.62943762, 2.78464932],\n",
              "       [1.6423906 , 1.80820239, 2.17862693, 1.45153055, 1.80477575,\n",
              "        2.02469769, 2.03802977, 1.88504752, 1.82533624, 2.02510989],\n",
              "       [2.53046279, 2.17862693, 3.23132487, 1.94399609, 2.29744687,\n",
              "        2.96187815, 2.61501512, 2.59528868, 2.47763758, 2.86891624],\n",
              "       [2.89406244, 1.45153055, 1.94399609, 3.02094011, 2.38550638,\n",
              "        2.82516825, 3.07268404, 2.15105065, 2.09778401, 2.26134424],\n",
              "       [2.48444647, 1.80477575, 2.29744687, 2.38550638, 2.94644379,\n",
              "        2.71283491, 3.06134962, 2.35428909, 2.55049849, 2.7478862 ],\n",
              "       [3.51607939, 2.02469769, 2.96187815, 2.82516825, 2.71283491,\n",
              "        3.94604197, 3.0603946 , 3.026433  , 3.12774082, 3.21396074],\n",
              "       [2.71026208, 2.03802977, 2.61501512, 3.07268404, 3.06134962,\n",
              "        3.0603946 , 4.28745118, 2.76030719, 2.55378428, 2.64594559],\n",
              "       [2.49863791, 1.88504752, 2.59528868, 2.15105065, 2.35428909,\n",
              "        3.026433  , 2.76030719, 3.13540433, 2.62774186, 2.52383959],\n",
              "       [2.62943762, 1.82533624, 2.47763758, 2.09778401, 2.55049849,\n",
              "        3.12774082, 2.55378428, 2.62774186, 2.93817565, 2.76945458],\n",
              "       [2.78464932, 2.02510989, 2.86891624, 2.26134424, 2.7478862 ,\n",
              "        3.21396074, 2.64594559, 2.52383959, 2.76945458, 3.34516481]])"
            ]
          },
          "metadata": {
            "tags": []
          },
          "execution_count": 8
        }
      ]
    },
    {
      "cell_type": "code",
      "metadata": {
        "id": "4F-i75_GhxCH",
        "colab_type": "code",
        "colab": {
          "base_uri": "https://localhost:8080/",
          "height": 392
        },
        "outputId": "5e039ca5-b490-4d1c-94ad-7809a30a9217"
      },
      "source": [
        "#3.5: compute the matrix inverse of A\n",
        "np.linalg.inv(A)"
      ],
      "execution_count": 12,
      "outputs": [
        {
          "output_type": "execute_result",
          "data": {
            "text/plain": [
              "array([[ 0.3807842 ,  0.19605568, -0.59024131, -0.10356551, -1.42272101,\n",
              "        -1.73605002,  0.89761898,  0.3191379 ,  1.73539968,  0.65879405],\n",
              "       [-0.55584106, -0.90395435,  0.94578978,  1.40009279, -0.35000489,\n",
              "        -0.56964695, -0.12560679, -0.51136203,  0.94516293, -0.09867356],\n",
              "       [ 0.89041246,  0.71012505, -0.43608047, -0.27402178, -1.68521887,\n",
              "        -0.75325616,  0.84914963, -0.02131109,  0.10725734,  0.91327921],\n",
              "       [-0.93299123,  0.29382247, -0.13681154, -0.05604132, -0.00441997,\n",
              "         1.32289418, -0.07861129, -0.30823659, -0.2794629 ,  0.29849723],\n",
              "       [-0.37965606, -0.1041132 ,  1.25702795,  0.5220611 ,  0.86978823,\n",
              "         0.23713496, -0.87522594,  0.31799648, -0.09321917, -1.39889363],\n",
              "       [ 0.03925565,  0.40650388, -0.20139867, -0.46009986,  0.93874575,\n",
              "         1.5923493 , -0.14722953, -0.6156938 , -0.06460354, -1.44282349],\n",
              "       [ 0.42918802, -1.20416642,  0.48305004, -0.82579067,  0.50379634,\n",
              "        -0.07195024,  0.31765886,  0.13482951, -0.19785972,  0.27550472],\n",
              "       [ 0.06602385,  0.83352159,  0.03983503, -0.17188567,  1.22381704,\n",
              "         0.15099567, -0.1963513 , -0.47175799, -0.60915542, -0.46130823],\n",
              "       [ 0.23417358,  0.47551848, -0.69495905,  0.64696254, -0.07722593,\n",
              "        -0.62040999, -0.69219643,  0.52431702,  0.1608045 ,  0.59775988],\n",
              "       [-0.34927551, -0.00667556, -0.42931405, -0.11796793,  0.73977716,\n",
              "         1.04936276,  0.08855547,  0.71091223, -1.5016539 , -0.20674277]])"
            ]
          },
          "metadata": {
            "tags": []
          },
          "execution_count": 12
        }
      ]
    },
    {
      "cell_type": "code",
      "metadata": {
        "id": "mZ-2vTaihxCN",
        "colab_type": "code",
        "colab": {
          "base_uri": "https://localhost:8080/",
          "height": 204
        },
        "outputId": "9be44c33-dcfb-4a8d-b25f-5fd7a91dfa99"
      },
      "source": [
        "#3.6: divide all entries of A which are lager than 0.5 by 2 (hint: use where() )\n",
        "indices = np.where(A > 0.5)\n",
        "\n",
        "A[indices] /2\n"
      ],
      "execution_count": 22,
      "outputs": [
        {
          "output_type": "execute_result",
          "data": {
            "text/plain": [
              "array([0.25576889, 0.49110301, 0.39283014, 0.48643318, 0.47833366,\n",
              "       0.28389017, 0.32157718, 0.27355644, 0.31588381, 0.40339076,\n",
              "       0.39736157, 0.44108487, 0.42164485, 0.48843091, 0.31876416,\n",
              "       0.36219997, 0.35077237, 0.26543972, 0.43221142, 0.41617203,\n",
              "       0.32206615, 0.38181333, 0.43546118, 0.37082866, 0.44917148,\n",
              "       0.39521536, 0.40290978, 0.40715641, 0.34306208, 0.35738607,\n",
              "       0.37102459, 0.49544486, 0.33203131, 0.28792936, 0.40573547,\n",
              "       0.36156372, 0.33727608, 0.33496144, 0.33761898, 0.37389426,\n",
              "       0.28812076, 0.40103881, 0.35980041, 0.27011908, 0.47797296,\n",
              "       0.4912865 , 0.25263212, 0.40741841])"
            ]
          },
          "metadata": {
            "tags": []
          },
          "execution_count": 22
        }
      ]
    }
  ]
}